lam_inj [*] :=
0   0.617804690047755
1   1.44087910582232
2  15.7887592911445
3   1.73561981068812
;

lam_abs [*] :=
0  1.0930903222342
1  1.03299778797466
2  1.63412976156295
3  1.40585577179694
;

qp [*] :=
0  6.05667177767442e-18
1  2.7043955291117
2  2.5
3  1.7853993689605
;

qn [*] :=
0  1.2154516111709
1  4.30711127523723e-18
2  0
3  5.23541342091502e-18
;

V [*] :=
 1  0.986374051428721
 2  1.01840023983353
 3  0.982814827526879
 4  0.95
 5  0.978775686516488
 6  1.0083549638456
 7  1.00852969036401
 8  1
 9  0.990121017143872
10  0.967757319165137
11  1.05
12  1.01451562355085
13  1.05
;

theta [*] :=
 1   0.0519459244309151
 2   0.076506396672082
 3  -0.463335053528183
 4  -0.538095454572708
 5  -0.371420133583699
 6  -0.308820389821125
 7  -0.308522166901969
 8   0
 9  -0.422750310006289
10   0.120092092826042
11   0.137330172155963
12  -0.437255981240196
13  -0.234797961627529
;

mu_qp_ub [*] :=
0   1.85528261049174e-14
1   0
2  13.4887592911445
3   0
;

mu_qp_lb [*] :=
0  0.082195309952264
1  2.00000112122466e-16
2  2.00000163940516e-16
3  2.00000524224868e-16
;

mu_qn_ub [*] :=
0  1.68485110364807e-14
1  5.37697611819427e-15
2  1.39826843915026e-14
3  0
;

mu_qn_lb [*] :=
0  2.00000299274685e-16
1  0.117002212025341
2  0.115870238437064
3  0.0941442282030604
;

P_flow :=
1 2     0.352920088153721
1 6    -1.41329917575005
1 8    -3.93962090267433
1 10    5
2 5    -1.79390984001369
2 11    5
3 4    -1.78710777465615
3 9     3.03710777465593
3 12    2.00000000000005
4 5     0.618293050325633
4 6     0.879052059657859
6 7     3.93367399454423
7 13    3.00000000000002
8 9    -3.17701130257407
;

Q_flow :=
1 2     0.322569451604905
1 6     0.0602292735135521
1 8     0.931521213506826
1 10   -1.58297458365687
2 5    -0.267864405847877
2 11    2.32337166613316
3 4    -0.554613124319478
3 9     0.490717687516517
3 12    2.37053578611935
4 5    -0.0428647949021747
4 6    -0.021121114517362
6 7     1.4966184821349
7 13    1.49798084991123
8 9    -0.414582089890855
;

P_ref [*] :=
8  -0.762609600100258
;

TotalPayment = 4779.62398115632

