[SOLVE INFO]
objective,solve_result,eps_smooth_final,s_base_mva
1087.56,solved,1e-08,100

[PRICES]
gen_id,lam_inj,lam_abs
0,0.719973,2.21012e-07
1,1.26786,2.2097e-07
2,2.23035,2.2085e-07
3,1.76311,2.20888e-07

[DISPATCH]
gen_id,bus_id,qp_mvar,qn_mvar,q_net_mvar,profit_eur
0,10,12.4832,3.96112e-15,12.4832,-4.87534
1,11,183.931,0,183.931,25.8305
2,12,230.652,8.29378e-15,230.652,89.7604
3,13,187.702,9.18257e-15,187.702,45.8483

[VOLTAGES]
bus_id,V_pu,theta_deg
1,1.04008,2.23655
2,1.00143,4.08351
3,0.984186,-28.0312
4,0.95,-33.1882
5,0.964028,-22.9809
6,1.0061,-25.7428
7,1.00627,-25.73
8,1.05,0
9,0.994143,-25.4527
10,1.03976,5.68238
11,1.02279,7.72198
12,1.01344,-26.5374
13,1.05,-21.4964

[BRANCH_FLOWS]
from_bus,to_bus,P_flow_mw,Q_flow_mva,loading_pct
1,2,31.838,-54.7681,14.5833
1,6,-203.999,-30.4383,47.481
2,5,-182.661,-28.0685,42.5427
3,4,-213.589,-55.9921,25.4151
4,5,63.9873,-10.9719,14.945
4,6,51.8189,9.83418,12.1418
8,9,-355.092,-86.062,42.0548
6,7,299.985,158.083,78.059
1,8,-327.839,72.9327,33.5853
3,9,338.589,67.764,34.5304
1,10,500,-17.5972,50.031
2,11,500,148.659,52.1632
3,12,200,218.855,29.6475
7,13,300,158.169,67.8285

[KKT_MULTIPLIERS]
gen_id,mu_qp_ub,mu_qp_lb,mu_qn_ub,mu_qn_lb
0,1.67514e-16,4.02456e-16,1.26017e-16,0.85
1,0,3.44383e-41,2.15127e-16,1.15
2,2.35092e-16,0,0,1.75
3,0,9.7142e-41,5.3706e-17,1.5
